462  323
462  322
462  322
458  318
458  317
455  315
454  314
451  310
451  310
448  307
444  303
444  303
437  299
437  299
437  299
435  297
431  292
431  292
427  287
427  287
422  284
422  284
417  280
417  280
411  277
411  277
408  274
408  274
405  270
405  270
400  269
400  267
400  266
400  261
400  261
399  261
399  261
398  255
398  255
397  253
399  248
399  248
399  247
399  247
403  243
403  243
400  236
400  236
398  234
398  234
397  234
397  234
396  231
396  227
396  227
396  227
397  222
397  222
397  221
397  221
397  221
397  221
397  221
397  221
397  221
397  221
397  221
397  221
397  221
397  221
397  221
391  221
391  221
391  221
391  221
391  221
392  220
392  220
392  220
392  220
392  220
392  220
392  220
392  220
392  220
389  218
389  218
388  221
388  221
388  221
388  221
388  221
388  221
388  221
388  221
388  221
388  221
388  221
388  221
384  219
384  219
385  218
385  218
388  220
388  220
386  220
386  220
386  220
386  220
386  220
386  220
386  220
386  220
391  220
391  220
391  220
391  220
391  220
391  220
393  221
395  219
395  219
395  218
395  218
395  218
395  218
395  218
395  218
395  218
395  218
395  218
395  218
395  218
395  218
395  218
395  218
395  218
395  218
395  218
395  218
395  218
395  218
395  218
393  221
390  222
389  222
389  222
384  225
384  225
383  225
383  225
374  230
373  229
372  233
372  233
370  234
364  238
364  238
363  241
363  241
359  242
359  242
354  246
347  247
347  247
347  249
346  251
343  254
343  256
339  262
338  259
335  263
335  263
335  264
331  266
331  266
323  270
320  271
317  275
317  276
311  280
311  280
310  286
308  287
307  286
311  286
311  286
305  287
305  287
302  297
302  297
298  302
298  302
292  302
292  302
291  305
289  303
289  303
283  310
283  310
278  315
277  316
277  316
275  316
273  322
271  325
271  325
272  332
272  332
261  330
261  330
263  331
263  331
256  332
256  332
256  332
254  335
254  335
249  338
249  338
246  347
246  348
243  348
243  348
243  348
243  348
243  353
235  348
235  348
233  348
233  348
226  346
226  346
225  346
225  346
220  347
220  347
221  346
221  346
219  346
217  346
213  347
213  347
210  346
203  346
203  346
203  349
202  347
197  347
197  347
196  348
194  348
193  348
190  347
190  347
187  348
187  348
181  348
180  348
176  348
176  348
176  348
174  348
168  350
168  350
170  348
170  348
170  348
170  348
170  348
163  347
163  347
163  347
163  347
163  347
165  348
165  348
165  348
165  348
165  348
165  348
165  348
165  348
165  348
165  348
165  348
165  348
165  348
162  349
162  349
162  349
162  349
159  348
159  348
159  348
159  348
159  348
159  348
159  348
159  348
159  348
159  348
156  348
156  348
156  348
156  348
156  348
156  348
156  348
156  348
156  348
156  348
156  348
158  348
158  348
158  348
158  348
158  348
158  348
158  348
158  348
161  345
158  345
158  345
158  345
158  345
161  346
161  346
161  346
160  348
162  347
162  347
162  347
162  347
162  347
162  347
162  347
162  347
162  347
161  349
162  350
162  350
162  350
162  350
162  350
162  350
162  350
162  350
163  347
163  347
163  347
163  347
163  347
163  347
163  347
163  347
163  347
169  350
169  354
174  357
176  357
178  360
178  360
178  365
179  365
185  365
186  369
186  371
188  373
189  375
189  376
190  377
192  379
194  379
196  383
196  383
197  386
197  386
197  389
197  389
200  392
200  394
204  398
204  398
206  400
211  402
211  402
211  403
211  405
218  407
218  407
219  411
220  412
221  415
229  420
231  421
231  424
231  424
237  426
236  429
239  430
238  431
238  433
238  430
242  434
242  435
244  437
245  440
245  440
250  443
250  443
250  445
247  449
248  451
250  452
252  453
252  455
252  455
253  457
256  460
259  463
259  465
259  467
260  468
261  469
262  471
262  472
258  475
266  476
264  476
268  476
268  476
270  480
270  480
270  482
270  482
272  487
272  487
274  487
277  487
277  493
280  494
280  494
280  497
280  497
281  497
281  497
285  502
286  502
286  506
286  507
290  509
290  509
292  513
292  513
293  516
299  518
299  519
299  521
297  522
297  525
298  527
305  530
306  530
308  532
308  532
309  537
309  537
309  537
312  539
312  539
320  538
320  538
321  538
321  538
324  538
324  538
324  538
326  540
328  539
330  538
330  538
332  538
332  538
336  537
336  537
337  537
340  540
342  540
345  540
345  540
347  537
347  540
347  538
347  538
349  538
355  538
356  538
356  540
360  537
360  537
360  537
360  537
365  537
369  539
372  539
375  535
375  537
375  537
375  537
382  535
381  535
384  536
384  536
385  536
385  536
385  536
388  536
388  536
388  536
388  536
396  536
396  536
400  534
400  534
400  534
400  534
400  534
400  534
404  532
404  532
404  532
404  532
405  532
409  532
411  532
409  534
409  534
412  532
412  532
412  532
416  533
416  533
416  533
421  530
421  530
421  530
427  533
427  533
427  533
428  532
431  532
432  532
432  532
433  534
441  536
442  534
442  534
440  532
442  532
442  532
446  533
446  533
446  533
451  534
451  534
454  531
454  531
455  531
455  531
459  532
459  532
463  530
463  530
466  530
466  530
466  532
473  527
474  527
474  527
471  528
474  528
474  529
474  529
481  532
483  532
489  528
489  528
489  528
489  528
492  529
492  529
499  531
501  532
501  532
510  533
511  533
514  527
514  527
518  526
518  526
521  528
521  529
525  530
525  530
526  524
526  524
527  527
528  530
531  529
533  526
536  526
536  526
536  526
536  526
537  524
542  526
542  526
545  526
545  526
545  526
546  525
546  525
546  525
546  524
546  524
548  524
548  524
548  524
548  524
548  524
553  525
553  525
553  525
558  525
561  525
564  524
565  523
566  521
566  521
566  520
567  524
567  524
572  524
576  529
576  527
580  525
579  523
582  524
582  524
586  524
586  524
579  519
577  519
579  526
579  525
579  522
583  521
584  524
584  524
584  524
589  524
587  523
587  522
587  522
587  522
587  522
590  528
588  526
589  533
589  533
589  533
590  537
590  537
590  539
590  539
588  542
588  543
586  543
586  543
586  550
588  550
593  552
593  552
593  552
593  552
598  552
598  552
595  551
595  551
596  549
595  551
595  551
595  551
595  551
595  551
595  551
595  550
596  550
596  550
596  552
596  552
596  552
596  552
596  552
596  552
594  550
594  550
594  550
594  550
594  550
594  550
594  550
594  550
592  550
596  550
596  550
591  548
591  548
591  548
591  549
592  551
588  550
588  550
588  550
588  548
591  549
591  549
591  549
591  549
591  549
591  549
591  549
586  549
588  551
585  551
585  551
585  551
581  554
581  550
579  549
578  552
578  552
578  553
578  553
578  553
574  549
574  549
573  548
573  548
574  551
575  552
575  552
575  552
575  552
579  554
579  552
579  552
580  551
580  551
584  549
584  549
584  549
585  549
585  549
585  549
585  549
586  550
586  551
587  549
587  549
590  549
590  549
590  549
590  549
590  549
590  549
582  550
593  548
593  548
593  548
593  548
593  548
593  548
593  548
593  548
593  548
590  548
590  548
590  548
594  546
592  547
592  547
592  547
592  547
592  547
592  547
592  547
592  547
592  547
592  547
591  547
591  547
594  548
594  541
594  541
586  540
586  537
585  534
585  534
580  533
580  533
573  528
573  528
567  525
566  523
566  520
563  519
563  519
558  515
557  515
555  512
553  510
553  507
545  504
546  505
543  498
543  498
538  496
539  496
533  494
533  494
532  490
530  488
527  485
527  484
522  482
519  480
519  475
519  476
519  476
515  477
513  478
514  474
514  474
514  473
514  471
512  468
512  468
512  464
510  462
510  461
510  459
510  459
511  456
511  455
513  453
513  451
508  450
509  446
511  445
511  445
511  445
512  440
512  440
512  436
512  436
510  435
515  430
515  430
515  428
515  429
515  425
514  424
513  420
513  420
514  413
514  413
514  411
514  411
510  407
510  407
509  405
508  401
508  401
513  397
513  397
514  393
514  393
513  391
513  389
514  388
514  385
514  384
518  380
517  381
513  375
510  372
510  372
509  369
510  367
508  369
508  369
508  369
508  369
508  369
508  369
508  369
508  369
508  369
508  369
508  369
508  369
508  369
508  369
508  369
508  369
508  369
508  369
508  369
508  369
508  369
508  369
508  369
507  369
