500  327
499  327
498  327
493  327
493  325
488  322
487  322
483  319
483  319
478  316
475  312
475  312
466  310
466  310
466  310
462  310
458  308
458  308
455  307
455  307
451  302
450  301
445  303
445  301
442  298
442  298
440  294
440  294
433  290
433  290
429  288
426  280
426  280
422  277
422  277
416  273
416  273
415  268
415  268
409  260
407  257
407  257
407  253
407  253
405  246
405  246
400  242
400  242
399  237
399  237
396  234
398  234
396  232
396  232
395  226
395  226
396  221
396  221
394  221
394  221
395  220
400  218
400  218
400  218
400  218
399  222
399  222
397  219
397  217
394  218
394  218
389  218
389  218
390  221
390  221
389  217
389  217
389  217
388  217
388  217
388  217
388  217
388  217
388  216
388  216
388  216
385  219
385  219
382  219
385  221
385  221
385  221
385  221
383  221
382  221
384  215
387  215
384  219
384  219
384  219
385  220
385  220
382  218
382  218
384  218
384  218
384  218
384  216
388  213
388  213
386  215
386  215
391  218
392  220
392  220
397  220
397  220
395  216
395  216
395  216
396  215
396  215
396  215
395  216
395  216
396  219
396  217
396  217
396  217
396  217
396  217
394  217
394  217
394  217
389  215
389  215
393  218
393  218
393  218
396  217
396  217
397  218
397  218
393  221
393  221
389  222
389  222
387  222
387  222
384  222
384  222
377  224
372  227
372  227
367  230
367  228
363  232
363  232
364  236
364  236
360  242
360  242
353  241
348  244
348  244
347  244
347  244
345  249
345  249
338  254
338  254
339  259
339  259
335  260
332  268
332  268
326  270
326  270
326  272
325  272
322  279
322  279
316  282
314  286
314  284
313  281
313  281
308  284
308  284
307  289
307  289
301  294
301  294
298  296
298  296
296  299
295  297
292  297
291  306
291  306
288  313
288  313
284  315
284  315
281  317
276  322
276  322
273  327
273  327
267  327
267  327
267  327
267  327
262  329
259  333
259  333
255  334
255  334
249  334
249  334
248  345
247  345
243  346
243  346
243  344
243  347
243  347
240  351
240  351
237  349
237  349
231  347
233  347
232  349
232  349
227  349
225  348
225  346
225  346
221  345
220  345
220  345
213  348
210  346
210  346
209  345
205  345
205  348
203  344
203  344
197  346
197  346
197  346
194  346
194  346
187  345
187  345
183  344
183  344
180  345
178  348
174  348
174  349
171  349
171  349
174  348
174  348
170  345
170  345
171  345
165  342
165  342
165  347
165  347
166  348
166  348
165  344
165  344
165  345
165  345
162  347
164  346
164  346
163  349
163  348
162  349
162  349
161  352
161  351
156  344
157  343
160  345
160  347
159  348
159  348
161  347
161  347
160  345
157  343
157  342
156  346
156  345
156  345
156  345
156  349
156  349
156  347
156  347
154  346
154  346
157  347
157  347
157  347
160  349
160  349
159  348
159  348
161  347
161  347
162  346
162  346
162  345
156  345
156  345
160  342
160  342
161  344
161  344
159  344
159  344
161  348
161  347
165  347
165  347
166  348
166  348
163  349
159  348
159  348
162  350
162  350
164  347
164  347
162  347
162  347
160  349
160  349
160  349
166  344
167  346
161  346
162  346
166  342
166  342
164  348
164  348
169  350
170  351
172  350
171  353
171  353
174  355
175  358
176  359
177  360
180  362
185  365
185  366
184  371
182  372
189  376
189  376
192  377
195  377
195  379
195  377
196  386
196  387
196  387
196  387
201  390
203  393
204  396
205  401
206  402
210  403
210  403
212  407
212  407
218  407
218  407
219  414
221  415
224  415
231  420
231  420
229  425
229  425
235  428
235  428
236  429
236  429
238  430
238  430
241  435
242  438
243  437
244  439
246  439
244  440
244  438
244  445
246  443
250  449
250  449
255  453
255  453
255  454
255  454
257  458
260  462
259  464
262  466
262  466
263  470
263  470
263  473
263  473
258  478
259  477
262  478
262  477
268  478
268  478
268  482
269  484
269  488
269  488
273  488
274  489
278  493
283  493
283  498
283  498
285  503
285  503
286  500
286  500
286  498
286  498
290  505
290  505
291  511
293  513
293  513
296  515
296  515
297  519
297  519
298  526
298  526
301  527
309  530
307  527
307  529
308  533
308  533
310  533
311  533
313  535
320  536
322  536
325  537
322  537
324  538
324  538
323  539
323  539
331  538
335  537
335  537
330  537
330  537
333  538
335  537
337  536
341  541
341  540
344  537
344  535
344  538
345  538
347  533
348  535
349  539
354  539
354  539
354  539
360  538
364  538
364  538
366  538
366  538
369  540
369  541
375  539
375  539
377  537
376  538
378  532
378  532
383  534
384  533
385  536
385  539
386  534
387  534
391  537
392  535
393  533
397  534
397  534
397  533
399  533
400  533
396  537
396  537
399  532
399  534
401  533
401  533
410  530
410  530
414  528
414  530
408  531
408  531
411  530
413  529
413  531
417  529
417  529
417  529
420  526
423  533
423  533
429  533
426  532
433  532
433  532
435  531
436  531
432  533
434  531
440  533
441  534
439  532
439  532
442  531
443  531
444  530
445  531
445  537
448  535
448  535
454  530
454  530
455  534
455  535
459  533
460  533
463  528
465  528
467  532
467  532
467  532
470  527
470  527
472  526
473  527
476  527
476  527
478  528
484  534
484  533
489  527
489  527
488  527
488  527
492  529
492  529
500  531
500  531
499  532
509  531
512  533
511  525
515  524
517  527
516  530
521  530
521  530
521  526
521  526
525  527
525  527
528  527
529  529
531  527
535  525
535  524
537  526
536  529
535  525
537  524
539  524
544  524
544  524
544  523
544  522
546  523
546  523
550  526
550  526
552  521
550  524
550  524
550  525
552  525
552  525
552  525
556  523
556  525
559  524
563  522
730  2
565  523
564  522
564  521
565  519
566  525
566  524
571  523
574  528
575  528
580  526
580  526
582  527
582  526
581  524
582  521
579  521
579  521
578  523
579  524
579  519
584  524
584  524
582  522
582  522
585  524
585  524
589  521
590  521
585  523
585  522
588  528
588  527
589  533
589  532
589  532
590  535
590  535
589  538
589  540
588  543
588  544
586  544
586  544
586  550
586  550
590  551
590  551
593  551
593  551
596  552
597  549
596  550
597  549
597  549
597  549
594  551
596  552
596  552
593  550
593  550
598  547
598  547
596  547
596  547
599  545
593  551
593  549
597  545
598  544
596  549
596  549
594  554
592  553
592  550
592  550
591  549
594  549
593  549
593  549
593  549
591  547
591  547
591  549
591  549
594  543
591  547
590  548
589  545
588  545
582  549
581  548
587  550
587  550
591  552
590  552
583  552
583  552
583  552
582  554
582  554
581  556
581  556
582  549
582  549
582  549
582  549
580  554
580  552
580  550
576  551
576  551
580  549
580  549
578  551
578  551
578  552
578  552
577  549
579  550
579  550
577  550
577  550
580  547
583  548
583  548
587  546
587  546
584  545
584  545
587  549
587  549
587  551
588  546
588  546
591  547
591  547
590  550
590  550
587  543
587  543
583  545
583  545
583  545
587  545
587  545
589  548
589  548
591  550
591  550
588  544
589  544
590  546
590  546
592  545
592  545
592  547
592  547
592  547
595  545
592  545
595  543
595  543
593  545
593  545
590  544
590  544
587  545
590  541
590  541
586  535
586  535
582  531
582  531
578  528
578  528
573  528
573  528
565  523
565  520
565  520
560  519
560  519
558  514
558  513
553  510
553  510
552  505
547  505
546  503
543  499
543  499
541  494
541  494
534  491
534  491
532  488
532  488
525  484
525  484
521  480
518  475
518  475
518  474
517  474
515  476
515  476
515  476
515  476
512  472
512  472
512  472
512  472
511  463
511  461
511  461
511  459
511  459
512  454
512  454
515  451
515  451
509  448
509  448
511  445
509  445
509  445
512  442
512  442
514  436
514  436
511  433
511  430
514  428
514  428
515  428
514  422
514  422
515  419
515  419
512  413
512  413
514  411
513  411
512  410
511  407
511  404
509  401
508  400
511  397
511  397
508  393
508  393
510  386
510  386
510  386
512  385
512  385
509  377
509  378
509  375
509  375
507  372
507  369
507  369
507  369
507  369
507  369
507  369
507  369
509  366
509  366
509  366
508  369
508  367
508  367
508  367
508  367
508  367
508  367
508  367
508  367
508  367
508  367
508  367
508  367
508  367
508  367
508  367
